001
002
003
004
005
006
007
008
009
010
011
012
013
014
015
016
017
018
019
020
021
022
023
024
025
026
027
028

030
031
032

034
035
036
037
038
039
040
041
042




047
048
049
050
051






058


061
062
063
064
065
066
067
068
069
070

072
073

075

077
078

080
081
082
083
084

086
087
088
089
090
091





097



101
102
103
104

106



110
111
112



116
117
118
119

121
122
123



127
128

130
131
132
133
134
135
136
137
138
139
140
141
142
143
144
145

147
148
149
150
151
152

154
155
156



160


163
164
165


168
169
170
171


174
175
176
177
178
179
180


183
184
185
186
187

189
190
191

193
194

196
197


200
201
202
203
204
205

207














